A
a...........................20: 1 2 3 4 5 6 9 10 11 13 14 16
ac..........................22: 1 2 3 4 6 7 8 10 12 14 16 17
accumsan.....................6: 2 3 4 9 10 12
Accumsan.....................1: 10
adipiscing..................18: 1 2 5 6 7 9 10 11 13 14 16 17 18
Adipiscing...................1: 12
aenean.......................9: 8 9 10 12 16 17
Aenean.......................6: 4 5 6
aliqua.......................1: 7
aliquam.....................10: 3 4 5 7 8 9 13 14 15 16
Aliquam......................6: 2 3 4 6 9 10
aliquet.....................17: 2 5 7 10 11 12 13 14 15 16 18
Aliquet......................2: 12 17
amet........................45: 1 2 4 5 6 7 8 9 10 11 12 13 14 15 16 17
Amet.........................1: 17
ante.........................8: 2 6 7 10 13 15
Ante.........................1: 7
arcu........................15: 1 3 5 7 8 9 10 13 15 17 18
Arcu.........................2: 9 10
at..........................25: 1 2 4 5 7 9 11 12 15 16 17 18
At...........................1: 17
auctor......................11: 1 2 9 14 17 18
Auctor.......................1: 13
augue.......................12: 2 3 5 6 7 8 13 14

B
bibendum.....................7: 6 11 14 16 17 18
blandit......................6: 6 8 9 10 12 16
Blandit......................1: 16

C
commodo.....................14: 1 3 4 5 7 9 10 11 12 13 14 16
Commodo......................2: 9 11
condimentum..................9: 2 4 5 6 11 12 13 16
congue.......................8: 4 8 9 10 11 12 15
Congue.......................1: 8
consectetuer.................1: 5
consectetur..................9: 1 2 4 7 10 12 13 15
consequat...................10: 4 5 6 7 8 12 15
convallis....................9: 2 3 4 9 14 16 17
cras.........................6: 9 10 14 15 16 17
Cras.........................5: 2 3 5
cum..........................1: 11
Cum..........................1: 5
curabitur....................1: 16
Curabitur....................3: 2 4 6
cursus......................17: 2 3 6 7 9 10 11 12 13 15 17
Cursus.......................1: 15

D
dapibus......................6: 1 3 4 5 6
diam........................13: 2 4 7 9 10 11 13 15 17
Diam.........................4: 14 16 17
dictum.......................6: 5 7 8 10 11
dictumst.....................7: 3 7 12 14 15 16
dignissim....................6: 2 9 14 15 17
Dignissim....................3: 9 14 16
dis..........................4: 1 5 8 12
do...........................1: 7
dolor.......................15: 1 2 3 5 7 10 13
dolore.......................1: 7
donec........................7: 8 9 12 14 15
Donec.......................11: 3 4 5 6 7 8 15
dui.........................11: 2 4 5 6 9 12 13 16
Dui..........................1: 10
duis.........................4: 7 9 11
Duis.........................5: 1 3 6 9 14

E
efficitur....................5: 2 3 4
egestas.....................15: 1 3 8 10 12 13 14 16 17
Egestas......................1: 10
eget........................24: 1 5 6 7 8 9 10 11 13 15 16 17
Eget.........................2: 10 11
eiusmod......................1: 7
eleifend.....................6: 2 4 5 6 9 15
elementum....................6: 5 8 10 11 12 13
elit........................15: 1 2 5 7 8 9 11 12 14 17 18
Elit.........................3: 7 10 11
enim........................15: 1 4 5 6 8 9 10 11 12 15 17
Enim.........................1: 18
erat.........................3: 1 3 11
eros.........................6: 1 2 4 6 12
est.........................12: 1 7 11 13 14 15 16 17 18
Est..........................1: 7
et..........................29: 1 2 3 5 6 7 8 12 14 16 17
Et...........................3: 7 8
etiam........................6: 8 10 11 13 16 17
Etiam........................7: 1 6 11 13
eu..........................22: 1 2 3 4 5 8 9 10 11 13 14 16 17
Eu...........................2: 8 17
euismod.....................11: 1 2 4 8 10 13 15 17
ex...........................3: 1 3 4

F
facilisi.....................8: 7 9 10 11 13 16 17
facilisis...................10: 1 2 3 5 10 11 13
Facilisis....................2: 9 11
fames........................4: 3 12 14 17
Fames........................1: 16
faucibus....................13: 1 2 6 7 8 9 10 12 14 17
felis.......................10: 3 4 5 8 15 16
fermentum....................8: 1 5 8 9 14
Fermentum....................2: 13 16
feugiat......................9: 6 7 10 13 14 15 16
Feugiat......................1: 7
finibus......................4: 1 2 4
fringilla....................5: 3 5 6 13 17
fusce........................1: 9

G
gravida......................9: 8 9 10 11 12 13 14 15

H
habitant.....................3: 3 8 18
habitasse....................5: 3 12 14 15
hac..........................4: 3 12 15
Hac..........................1: 14
hendrerit....................7: 2 4 6 7 8 12 17

I
iaculis......................5: 4 10 11 16 17
Iaculis......................1: 16
id..........................17: 1 4 6 7 9 11 13 14 15 16 17
Id...........................7: 8 9 10 11 12 15 16
imperdiet...................13: 2 3 4 5 6 7 8 9 12 15 17
Imperdiet....................1: 14
in..........................26: 1 2 3 4 6 7 8 9 10 12 13 14 15 16 17
In...........................8: 1 3 4 5 8 11 15
incididunt...................1: 7
integer......................8: 9 14 15 16 17 18
Integer......................5: 2 3 5 8
interdum.....................4: 2 8 10 13
Interdum.....................1: 10
ipsum.......................11: 1 2 5 6 7 8 10 11 12 13
Ipsum........................1: 14

J
justo........................9: 1 2 4 5 8 10

L
labore.......................1: 7
lacinia......................3: 3 12
Lacinia......................1: 17
lacus.......................10: 1 4 10 11 13 16 17
Lacus........................2: 15 16
laoreet......................7: 1 2 3 6 10 16
lectus......................11: 2 3 8 11 12 13 16
Lectus.......................1: 18
leo..........................8: 1 5 6 7 8 10 14
Leo..........................1: 15
libero.......................5: 2 5 6 13
Libero.......................1: 10
ligula.......................5: 2 5 16
Ligula.......................1: 13
lobortis.....................5: 3 9 11 13 15
lorem........................7: 4 6 7 10 11
Lorem........................6: 1 2 5 7 13 14
luctus.......................6: 1 2 4 6 7 8

M
maecenas.....................3: 11 15 16
Maecenas.....................4: 5 6
magna.......................17: 1 3 4 6 7 8 10 11 12 13 15 17
magnis.......................4: 1 5 8 12
malesuada...................10: 1 3 12 13 15 17
Malesuada....................2: 11 14
massa.......................16: 3 4 5 7 8 9 11 12 14
Massa........................3: 12 16
mattis.......................5: 1 2 3 7 11
mauris......................19: 2 4 6 7 8 9 10 11 12 13 14 15 18
Mauris.......................2: 11 13
metus........................5: 4 6 7 10 16
mi..........................13: 1 2 4 7 9 10 12 15 16 17
Mi...........................2: 7 14
molestie....................11: 2 3 4 5 7 8 11 12 14
mollis.......................3: 2 3 5
montes.......................4: 1 5 8 12
morbi........................7: 3 7 8 9 10 13 17
Morbi........................5: 2 3 4 8
mus..........................3: 1 5 15

N
nam..........................2: 7 14
Nam..........................4: 1 6
nascetur.....................2: 1 5
Nascetur.....................1: 15
natoque......................3: 1 5 11
Natoque......................1: 12
nec.........................20: 1 2 3 4 5 6 9 12 13 14 15 16
Nec..........................1: 8
neque.......................14: 2 3 4 6 8 9 13 14
Neque........................1: 14
netus........................4: 3 8 12 17
nibh........................23: 1 5 6 7 9 10 11 12 13 15 16
nisi........................11: 2 4 5 6 8 11 13 15
nisl.........................8: 2 11 12 14 16
Nisl.........................4: 9 13 17 18
non.........................20: 1 3 5 7 8 9 10 12 13 14 15 16
Non..........................1: 11
nulla.......................17: 1 2 6 7 9 10 11 12 13 16 17
Nulla........................4: 3 4 5
nullam.......................3: 11 13 16
Nullam.......................4: 2 5 6 13
nunc........................17: 1 2 6 8 11 12 13 15 16
Nunc.........................6: 1 4 11 12 14 17

O
odio........................10: 1 2 4 6 8 13 15 16 17
orci........................10: 1 2 3 6 10 11 13 14
Orci.........................2: 1 9
ornare.......................3: 2 8 13

P
parturient...................4: 1 5 8 12
pede.........................2: 5
pellentesque................12: 2 5 7 8 11 14 15 17 18
Pellentesque.................2: 3 8
penatibus....................4: 1 5 11 12
pharetra....................10: 2 3 4 8 10 12 15 17
Pharetra.....................1: 8
phasellus....................1: 17
Phasellus....................3: 3 6 11
placerat.....................9: 4 5 8 10 12 13 17
platea.......................5: 3 12 14 15
Platea.......................2: 7 16
porta........................4: 1 3 4 14
Porta........................1: 16
porttitor....................4: 4 5 7 9
Porttitor....................2: 7 10
posuere......................4: 1 3 10 13
Posuere......................2: 7 16
praesent.....................4: 10 11 16
Praesent.....................1: 4
pretium.....................14: 2 3 4 5 9 12 15 16 17
Pretium......................2: 8 10
proin........................8: 8 11 12 13 14 16
Proin........................1: 4
pulvinar....................10: 3 4 6 12 14 16 18
Pulvinar.....................1: 10
purus.......................11: 2 4 7 8 9 10 11 12 15 17
Purus........................1: 15

Q
quam.........................8: 4 5 6 7 9 10
Quam.........................1: 14
quis........................24: 1 2 3 4 5 6 7 8 9 10 12 13 17 18
quisque......................5: 8 10 12 15 17
Quisque......................4: 3 6 13 17

R
rhoncus.....................13: 1 2 3 5 6 7 8 9 10 14 15
ridiculus....................3: 1 5 15
risus.......................19: 1 3 4 7 8 9 10 11 13 14 15 16 17
rutrum.......................2: 6 8

S
sagittis.....................7: 3 6 9 10 15 17
sapien......................12: 2 5 6 7 9 14 15 16
Sapien.......................1: 8
scelerisque.................11: 3 4 8 9 10 13 16 17 18
Scelerisque..................2: 9 15
sed.........................21: 1 2 3 6 7 9 10 11 13 14 15 16 17
Sed..........................8: 1 2 6 11 12 17
sem.........................10: 3 5 6 10 13 14 18
Sem..........................1: 10
semper......................10: 4 5 6 7 8 9 14 16 17
senectus.....................2: 3 8
Senectus.....................2: 12 17
sit.........................46: 1 2 4 5 6 7 8 9 10 11 12 13 14 15 16 17
Sit..........................3: 10 13 14
sociis.......................2: 5 11
sodales.....................10: 2 4 6 8 9 14
Sodales......................1: 17
sollicitudin.................8: 3 7 8 9 11 12 13
Sollicitudin.................1: 16
suscipit.....................6: 4 11 14 16 17 18
suspendisse..................3: 8 10 15

T
tellus......................12: 1 4 5 6 9 10 11 13 14 16 17
Tellus.......................3: 8 12 14
tempor.......................4: 5 7 11 13
tempus.......................9: 3 5 6 10 14 15 17
Tempus.......................1: 16
tincidunt...................15: 5 6 7 8 9 12 13 16
Tincidunt....................3: 7 13 15
tortor.......................8: 1 2 4 9 11 12 16 17
Tortor.......................2: 9 17
tristique....................7: 1 3 7 8 11 14
Tristique....................4: 9 11 12 15
turpis......................12: 2 3 4 10 11 12 14 16 17
Turpis.......................4: 12 13

U
ullamcorper.................11: 1 4 6 8 11 12 13 14
Ullamcorper..................1: 13
ultrices....................10: 2 3 8 9 10 15 17
Ultrices.....................1: 16
ultricies....................9: 2 3 5 6 15 16 17 18
Ultricies....................1: 9
urna.........................9: 2 3 13 16 17
ut..........................22: 1 4 5 6 7 8 9 12 13 14 15 16 17 18
Ut...........................6: 1 3 5 7 8 10

V
varius.......................8: 1 2 3 6 7 18
vehicula.....................6: 1 2 3 4 16
vel.........................16: 2 3 4 5 6 8 9 10 12 14 15 18
Vel..........................1: 18
velit........................9: 3 4 6 8 9 14 15 16
Velit........................1: 9
venenatis...................10: 1 5 6 7 8 13 16
Venenatis....................1: 15
vestibulum...................9: 7 9 11 13 14 15 17
Vestibulum...................6: 1 2 3 4
vitae.......................17: 3 4 5 6 8 9 11 12 13 14 15
Vitae........................2: 8 14
vivamus......................2: 7 15
Vivamus......................4: 1 5
viverra.....................14: 3 4 6 7 9 10 11 13 16 17 18
volutpat.....................9: 4 5 10 15 16 17
Volutpat.....................2: 12
vulputate...................10: 4 5 9 10 15 16 17
Vulputate....................2: 7 15

